file_name,mode,T,E,threshold_list,counts_list,n_reps,man_no_for_parity,reset,single_photon
00163_cavity_temperature_sweep_parity_with_without_reset.h5,M1,"[[9.88540058e-01 1.14599419e-02 0.00000000e+00 0.00000000e+00]
 [2.07752202e-02 9.79224780e-01 0.00000000e+00 0.00000000e+00]
 [1.64166549e-02 1.90314909e-04 1.12696270e-02 9.72123403e-01]
 [3.45013454e-04 1.62619563e-02 9.62962823e-01 2.04302067e-02]]","[[0.495575 0.004425]
 [0.0119   0.4881  ]
 [0.495575 0.004425]
 [0.0119   0.4881  ]]","[100.0, 1000.0, 10000.0, 100000.0, 10000000.0, 100000000.0, 1000000000.0, 10000000000.0, 100000000000.0, 1000000000000.0, 10000000000000.0, 100000000000000.0, 1000000000000000.0, 1e+16, 1e+17, 1e+18, 1e+19, 1e+20, 1e+21, 1e+23, 1e+25, 1e+27, 1e+30, 1e+35, 1e+40, 1e+45, 1e+50]","[76369, 70731, 70059, 64775, 59324, 54685, 54179, 50147, 46666, 45766, 42503, 40567, 38764, 35993, 35331, 32892, 30700, 30022, 28028, 25552, 23244, 20303, 17527, 13485, 10547, 8120, 6278]",91122,1,False,True
00164_cavity_temperature_sweep_parity_with_without_reset.h5,M1,"[[9.88540058e-01 1.14599419e-02 0.00000000e+00 0.00000000e+00]
 [2.07752202e-02 9.79224780e-01 0.00000000e+00 0.00000000e+00]
 [1.64166549e-02 1.90314909e-04 1.12696270e-02 9.72123403e-01]
 [3.45013454e-04 1.62619563e-02 9.62962823e-01 2.04302067e-02]]","[[0.495575 0.004425]
 [0.0119   0.4881  ]
 [0.495575 0.004425]
 [0.0119   0.4881  ]]","[100.0, 1000.0, 10000.0, 100000.0, 10000000.0, 100000000.0, 1000000000.0, 10000000000.0, 100000000000.0, 1000000000000.0, 10000000000000.0, 100000000000000.0, 1000000000000000.0, 1e+16, 1e+17, 1e+18, 1e+19, 1e+20, 1e+21, 1e+23, 1e+25, 1e+27, 1e+30, 1e+35, 1e+40, 1e+45, 1e+50]","[582, 517, 499, 469, 419, 390, 382, 353, 324, 311, 273, 259, 245, 228, 218, 203, 189, 178, 160, 144, 126, 110, 93, 64, 46, 39, 26]",98559,1,False,False
00165_cavity_temperature_sweep_parity_with_without_reset.h5,M1-S1,"[[9.88540058e-01 1.14599419e-02 0.00000000e+00 0.00000000e+00]
 [2.07752202e-02 9.79224780e-01 0.00000000e+00 0.00000000e+00]
 [1.64166549e-02 1.90314909e-04 1.12696270e-02 9.72123403e-01]
 [3.45013454e-04 1.62619563e-02 9.62962823e-01 2.04302067e-02]]","[[0.495575 0.004425]
 [0.0119   0.4881  ]
 [0.495575 0.004425]
 [0.0119   0.4881  ]]","[100.0, 1000.0, 10000.0, 100000.0, 10000000.0, 100000000.0, 1000000000.0, 10000000000.0, 100000000000.0, 1000000000000.0, 10000000000000.0, 100000000000000.0, 1000000000000000.0, 1e+16, 1e+17, 1e+18, 1e+19, 1e+20, 1e+21, 1e+23, 1e+25, 1e+27, 1e+30, 1e+35, 1e+40, 1e+45, 1e+50]","[506, 462, 441, 395, 336, 308, 301, 271, 252, 241, 222, 207, 191, 177, 171, 154, 143, 133, 123, 104, 86, 75, 62, 42, 31, 20, 13]",98600,1,False,False
00166_cavity_temperature_sweep_parity_with_without_reset.h5,M1-S2,"[[9.88540058e-01 1.14599419e-02 0.00000000e+00 0.00000000e+00]
 [2.07752202e-02 9.79224780e-01 0.00000000e+00 0.00000000e+00]
 [1.64166549e-02 1.90314909e-04 1.12696270e-02 9.72123403e-01]
 [3.45013454e-04 1.62619563e-02 9.62962823e-01 2.04302067e-02]]","[[0.495575 0.004425]
 [0.0119   0.4881  ]
 [0.495575 0.004425]
 [0.0119   0.4881  ]]","[100.0, 1000.0, 10000.0, 100000.0, 10000000.0, 100000000.0, 1000000000.0, 10000000000.0, 100000000000.0, 1000000000000.0, 10000000000000.0, 100000000000000.0, 1000000000000000.0, 1e+16, 1e+17, 1e+18, 1e+19, 1e+20, 1e+21, 1e+23, 1e+25, 1e+27, 1e+30, 1e+35, 1e+40, 1e+45, 1e+50]","[473, 441, 419, 379, 331, 291, 274, 245, 223, 214, 195, 181, 165, 152, 143, 127, 117, 111, 105, 88, 74, 64, 51, 29, 16, 10, 5]",98620,1,False,False
00167_cavity_temperature_sweep_parity_with_without_reset.h5,M1-S3,"[[9.88540058e-01 1.14599419e-02 0.00000000e+00 0.00000000e+00]
 [2.07752202e-02 9.79224780e-01 0.00000000e+00 0.00000000e+00]
 [1.64166549e-02 1.90314909e-04 1.12696270e-02 9.72123403e-01]
 [3.45013454e-04 1.62619563e-02 9.62962823e-01 2.04302067e-02]]","[[0.495575 0.004425]
 [0.0119   0.4881  ]
 [0.495575 0.004425]
 [0.0119   0.4881  ]]","[100.0, 1000.0, 10000.0, 100000.0, 10000000.0, 100000000.0, 1000000000.0, 10000000000.0, 100000000000.0, 1000000000000.0, 10000000000000.0, 100000000000000.0, 1000000000000000.0, 1e+16, 1e+17, 1e+18, 1e+19, 1e+20, 1e+21, 1e+23, 1e+25, 1e+27, 1e+30, 1e+35, 1e+40, 1e+45, 1e+50]","[477, 418, 408, 370, 324, 299, 283, 261, 239, 228, 205, 186, 175, 160, 153, 141, 133, 126, 107, 91, 84, 74, 55, 35, 17, 11, 6]",98594,1,False,False
00168_cavity_temperature_sweep_parity_with_without_reset.h5,M1-S4,"[[9.88540058e-01 1.14599419e-02 0.00000000e+00 0.00000000e+00]
 [2.07752202e-02 9.79224780e-01 0.00000000e+00 0.00000000e+00]
 [1.64166549e-02 1.90314909e-04 1.12696270e-02 9.72123403e-01]
 [3.45013454e-04 1.62619563e-02 9.62962823e-01 2.04302067e-02]]","[[0.495575 0.004425]
 [0.0119   0.4881  ]
 [0.495575 0.004425]
 [0.0119   0.4881  ]]","[100.0, 1000.0, 10000.0, 100000.0, 10000000.0, 100000000.0, 1000000000.0, 10000000000.0, 100000000000.0, 1000000000000.0, 10000000000000.0, 100000000000000.0, 1000000000000000.0, 1e+16, 1e+17, 1e+18, 1e+19, 1e+20, 1e+21, 1e+23, 1e+25, 1e+27, 1e+30, 1e+35, 1e+40, 1e+45, 1e+50]","[497, 459, 436, 401, 346, 323, 308, 279, 256, 246, 225, 209, 200, 185, 178, 162, 146, 139, 135, 125, 103, 86, 68, 49, 29, 17, 14]",98622,1,False,False
00169_cavity_temperature_sweep_parity_with_without_reset.h5,M1-S5,"[[9.88540058e-01 1.14599419e-02 0.00000000e+00 0.00000000e+00]
 [2.07752202e-02 9.79224780e-01 0.00000000e+00 0.00000000e+00]
 [1.64166549e-02 1.90314909e-04 1.12696270e-02 9.72123403e-01]
 [3.45013454e-04 1.62619563e-02 9.62962823e-01 2.04302067e-02]]","[[0.495575 0.004425]
 [0.0119   0.4881  ]
 [0.495575 0.004425]
 [0.0119   0.4881  ]]","[100.0, 1000.0, 10000.0, 100000.0, 10000000.0, 100000000.0, 1000000000.0, 10000000000.0, 100000000000.0, 1000000000000.0, 10000000000000.0, 100000000000000.0, 1000000000000000.0, 1e+16, 1e+17, 1e+18, 1e+19, 1e+20, 1e+21, 1e+23, 1e+25, 1e+27, 1e+30, 1e+35, 1e+40, 1e+45, 1e+50]","[484, 435, 417, 380, 321, 294, 278, 254, 235, 222, 200, 190, 176, 162, 157, 143, 131, 125, 118, 109, 96, 79, 65, 46, 35, 27, 14]",98560,1,False,False
00170_cavity_temperature_sweep_parity_with_without_reset.h5,M1-S6,"[[9.88540058e-01 1.14599419e-02 0.00000000e+00 0.00000000e+00]
 [2.07752202e-02 9.79224780e-01 0.00000000e+00 0.00000000e+00]
 [1.64166549e-02 1.90314909e-04 1.12696270e-02 9.72123403e-01]
 [3.45013454e-04 1.62619563e-02 9.62962823e-01 2.04302067e-02]]","[[0.495575 0.004425]
 [0.0119   0.4881  ]
 [0.495575 0.004425]
 [0.0119   0.4881  ]]","[100.0, 1000.0, 10000.0, 100000.0, 10000000.0, 100000000.0, 1000000000.0, 10000000000.0, 100000000000.0, 1000000000000.0, 10000000000000.0, 100000000000000.0, 1000000000000000.0, 1e+16, 1e+17, 1e+18, 1e+19, 1e+20, 1e+21, 1e+23, 1e+25, 1e+27, 1e+30, 1e+35, 1e+40, 1e+45, 1e+50]","[885, 821, 788, 733, 654, 597, 582, 519, 483, 471, 437, 418, 399, 375, 369, 336, 309, 302, 287, 260, 228, 191, 161, 122, 94, 66, 51]",98402,1,False,False
00171_cavity_temperature_sweep_parity_with_without_reset.h5,M1-S7,"[[9.88540058e-01 1.14599419e-02 0.00000000e+00 0.00000000e+00]
 [2.07752202e-02 9.79224780e-01 0.00000000e+00 0.00000000e+00]
 [1.64166549e-02 1.90314909e-04 1.12696270e-02 9.72123403e-01]
 [3.45013454e-04 1.62619563e-02 9.62962823e-01 2.04302067e-02]]","[[0.495575 0.004425]
 [0.0119   0.4881  ]
 [0.495575 0.004425]
 [0.0119   0.4881  ]]","[100.0, 1000.0, 10000.0, 100000.0, 10000000.0, 100000000.0, 1000000000.0, 10000000000.0, 100000000000.0, 1000000000000.0, 10000000000000.0, 100000000000000.0, 1000000000000000.0, 1e+16, 1e+17, 1e+18, 1e+19, 1e+20, 1e+21, 1e+23, 1e+25, 1e+27, 1e+30, 1e+35, 1e+40, 1e+45, 1e+50]","[469, 422, 400, 375, 334, 306, 296, 269, 247, 229, 210, 197, 183, 168, 164, 143, 138, 127, 118, 102, 85, 70, 53, 34, 26, 16, 12]",98506,1,False,False
00172_cavity_temperature_sweep_parity_with_without_reset.h5,M1-D1,"[[9.88540058e-01 1.14599419e-02 0.00000000e+00 0.00000000e+00]
 [2.07752202e-02 9.79224780e-01 0.00000000e+00 0.00000000e+00]
 [1.64166549e-02 1.90314909e-04 1.12696270e-02 9.72123403e-01]
 [3.45013454e-04 1.62619563e-02 9.62962823e-01 2.04302067e-02]]","[[0.495575 0.004425]
 [0.0119   0.4881  ]
 [0.495575 0.004425]
 [0.0119   0.4881  ]]","[100.0, 1000.0, 10000.0, 100000.0, 10000000.0, 100000000.0, 1000000000.0, 10000000000.0, 100000000000.0, 1000000000000.0, 10000000000000.0, 100000000000000.0, 1000000000000000.0, 1e+16, 1e+17, 1e+18, 1e+19, 1e+20, 1e+21, 1e+23, 1e+25, 1e+27, 1e+30, 1e+35, 1e+40, 1e+45, 1e+50]","[472, 430, 407, 382, 334, 301, 290, 261, 241, 228, 207, 190, 178, 163, 150, 142, 137, 130, 122, 100, 81, 65, 52, 33, 23, 10, 6]",98480,1,False,False
00173_cavity_temperature_sweep_parity_with_without_reset.h5,M1-C,"[[9.88540058e-01 1.14599419e-02 0.00000000e+00 0.00000000e+00]
 [2.07752202e-02 9.79224780e-01 0.00000000e+00 0.00000000e+00]
 [1.64166549e-02 1.90314909e-04 1.12696270e-02 9.72123403e-01]
 [3.45013454e-04 1.62619563e-02 9.62962823e-01 2.04302067e-02]]","[[0.495575 0.004425]
 [0.0119   0.4881  ]
 [0.495575 0.004425]
 [0.0119   0.4881  ]]","[100.0, 1000.0, 10000.0, 100000.0, 10000000.0, 100000000.0, 1000000000.0, 10000000000.0, 100000000000.0, 1000000000000.0, 10000000000000.0, 100000000000000.0, 1000000000000000.0, 1e+16, 1e+17, 1e+18, 1e+19, 1e+20, 1e+21, 1e+23, 1e+25, 1e+27, 1e+30, 1e+35, 1e+40, 1e+45, 1e+50]","[607, 566, 545, 498, 430, 396, 385, 350, 330, 321, 300, 281, 267, 242, 231, 208, 191, 179, 156, 138, 124, 115, 95, 72, 54, 39, 27]",98461,1,False,False
00174_cavity_temperature_sweep_parity_with_without_reset.h5,M2,"[[9.88540058e-01 1.14599419e-02 0.00000000e+00 0.00000000e+00]
 [2.07752202e-02 9.79224780e-01 0.00000000e+00 0.00000000e+00]
 [1.64166549e-02 1.90314909e-04 1.12696270e-02 9.72123403e-01]
 [3.45013454e-04 1.62619563e-02 9.62962823e-01 2.04302067e-02]]","[[0.495575 0.004425]
 [0.0119   0.4881  ]
 [0.495575 0.004425]
 [0.0119   0.4881  ]]","[100.0, 1000.0, 10000.0, 100000.0, 10000000.0, 100000000.0, 1000000000.0, 10000000000.0, 100000000000.0, 1000000000000.0, 10000000000000.0, 100000000000000.0, 1000000000000000.0, 1e+16, 1e+17, 1e+18, 1e+19, 1e+20, 1e+21, 1e+23, 1e+25, 1e+27, 1e+30, 1e+35, 1e+40, 1e+45, 1e+50]","[617, 575, 553, 505, 443, 410, 395, 366, 339, 325, 298, 281, 258, 232, 222, 203, 185, 177, 166, 145, 125, 114, 99, 63, 47, 27, 20]",98507,1,False,False
00175_cavity_temperature_sweep_parity_with_without_reset.h5,M2-D2,"[[9.88540058e-01 1.14599419e-02 0.00000000e+00 0.00000000e+00]
 [2.07752202e-02 9.79224780e-01 0.00000000e+00 0.00000000e+00]
 [1.64166549e-02 1.90314909e-04 1.12696270e-02 9.72123403e-01]
 [3.45013454e-04 1.62619563e-02 9.62962823e-01 2.04302067e-02]]","[[0.495575 0.004425]
 [0.0119   0.4881  ]
 [0.495575 0.004425]
 [0.0119   0.4881  ]]","[100.0, 1000.0, 10000.0, 100000.0, 10000000.0, 100000000.0, 1000000000.0, 10000000000.0, 100000000000.0, 1000000000000.0, 10000000000000.0, 100000000000000.0, 1000000000000000.0, 1e+16, 1e+17, 1e+18, 1e+19, 1e+20, 1e+21, 1e+23, 1e+25, 1e+27, 1e+30, 1e+35, 1e+40, 1e+45, 1e+50]","[447, 417, 399, 374, 338, 316, 304, 281, 259, 249, 226, 208, 192, 181, 173, 168, 156, 146, 132, 113, 100, 83, 67, 47, 33, 20, 11]",98475,1,False,False
00176_cavity_temperature_sweep_parity_with_without_reset.h5,M1,"[[9.88540058e-01 1.14599419e-02 0.00000000e+00 0.00000000e+00]
 [2.07752202e-02 9.79224780e-01 0.00000000e+00 0.00000000e+00]
 [1.64166549e-02 1.90314909e-04 1.12696270e-02 9.72123403e-01]
 [3.45013454e-04 1.62619563e-02 9.62962823e-01 2.04302067e-02]]","[[0.49901515 0.00098485]
 [0.00832562 0.49167438]
 [0.49901515 0.00098485]
 [0.00832562 0.49167438]]","[100.0, 1000.0, 10000.0, 100000.0, 10000000.0, 100000000.0, 1000000000.0, 10000000000.0, 100000000000.0, 1000000000000.0, 10000000000000.0, 100000000000000.0, 1000000000000000.0, 1e+16, 1e+17, 1e+18, 1e+19, 1e+20, 1e+21, 1e+23, 1e+25, 1e+27, 1e+30, 1e+35, 1e+40, 1e+45, 1e+50]","[74846, 74686, 69087, 66820, 59387, 58876, 54692, 54221, 50505, 48851, 46573, 43399, 42876, 39927, 39400, 36786, 35546, 34004, 31710, 29133, 26879, 24861, 21324, 17064, 13936, 11124, 8856]",90859,1,True,True
00177_cavity_temperature_sweep_parity_with_without_reset.h5,M1,"[[9.88540058e-01 1.14599419e-02 0.00000000e+00 0.00000000e+00]
 [2.07752202e-02 9.79224780e-01 0.00000000e+00 0.00000000e+00]
 [1.64166549e-02 1.90314909e-04 1.12696270e-02 9.72123403e-01]
 [3.45013454e-04 1.62619563e-02 9.62962823e-01 2.04302067e-02]]","[[0.49901515 0.00098485]
 [0.00832562 0.49167438]
 [0.49901515 0.00098485]
 [0.00832562 0.49167438]]","[100.0, 1000.0, 10000.0, 100000.0, 10000000.0, 100000000.0, 1000000000.0, 10000000000.0, 100000000000.0, 1000000000000.0, 10000000000000.0, 100000000000000.0, 1000000000000000.0, 1e+16, 1e+17, 1e+18, 1e+19, 1e+20, 1e+21, 1e+23, 1e+25, 1e+27, 1e+30, 1e+35, 1e+40, 1e+45, 1e+50]","[806, 782, 716, 674, 572, 545, 504, 484, 447, 426, 394, 376, 357, 331, 319, 297, 287, 266, 257, 221, 206, 185, 151, 111, 90, 54, 37]",97537,1,True,False
00178_cavity_temperature_sweep_parity_with_without_reset.h5,M1-S1,"[[9.88540058e-01 1.14599419e-02 0.00000000e+00 0.00000000e+00]
 [2.07752202e-02 9.79224780e-01 0.00000000e+00 0.00000000e+00]
 [1.64166549e-02 1.90314909e-04 1.12696270e-02 9.72123403e-01]
 [3.45013454e-04 1.62619563e-02 9.62962823e-01 2.04302067e-02]]","[[0.49901515 0.00098485]
 [0.00832562 0.49167438]
 [0.49901515 0.00098485]
 [0.00832562 0.49167438]]","[100.0, 1000.0, 10000.0, 100000.0, 10000000.0, 100000000.0, 1000000000.0, 10000000000.0, 100000000000.0, 1000000000000.0, 10000000000000.0, 100000000000000.0, 1000000000000000.0, 1e+16, 1e+17, 1e+18, 1e+19, 1e+20, 1e+21, 1e+23, 1e+25, 1e+27, 1e+30, 1e+35, 1e+40, 1e+45, 1e+50]","[1071, 1034, 945, 912, 813, 787, 741, 719, 665, 643, 604, 568, 550, 506, 488, 459, 436, 409, 378, 341, 313, 272, 227, 162, 112, 83, 55]",97456,1,True,False
00179_cavity_temperature_sweep_parity_with_without_reset.h5,M1-S2,"[[9.88540058e-01 1.14599419e-02 0.00000000e+00 0.00000000e+00]
 [2.07752202e-02 9.79224780e-01 0.00000000e+00 0.00000000e+00]
 [1.64166549e-02 1.90314909e-04 1.12696270e-02 9.72123403e-01]
 [3.45013454e-04 1.62619563e-02 9.62962823e-01 2.04302067e-02]]","[[0.49901515 0.00098485]
 [0.00832562 0.49167438]
 [0.49901515 0.00098485]
 [0.00832562 0.49167438]]","[100.0, 1000.0, 10000.0, 100000.0, 10000000.0, 100000000.0, 1000000000.0, 10000000000.0, 100000000000.0, 1000000000000.0, 10000000000000.0, 100000000000000.0, 1000000000000000.0, 1e+16, 1e+17, 1e+18, 1e+19, 1e+20, 1e+21, 1e+23, 1e+25, 1e+27, 1e+30, 1e+35, 1e+40, 1e+45, 1e+50]","[1129, 1088, 990, 940, 819, 779, 726, 702, 640, 606, 578, 547, 524, 484, 469, 430, 406, 379, 350, 306, 267, 239, 193, 141, 101, 73, 57]",97524,1,True,False
00180_cavity_temperature_sweep_parity_with_without_reset.h5,M1-S3,"[[9.88540058e-01 1.14599419e-02 0.00000000e+00 0.00000000e+00]
 [2.07752202e-02 9.79224780e-01 0.00000000e+00 0.00000000e+00]
 [1.64166549e-02 1.90314909e-04 1.12696270e-02 9.72123403e-01]
 [3.45013454e-04 1.62619563e-02 9.62962823e-01 2.04302067e-02]]","[[0.49901515 0.00098485]
 [0.00832562 0.49167438]
 [0.49901515 0.00098485]
 [0.00832562 0.49167438]]","[100.0, 1000.0, 10000.0, 100000.0, 10000000.0, 100000000.0, 1000000000.0, 10000000000.0, 100000000000.0, 1000000000000.0, 10000000000000.0, 100000000000000.0, 1000000000000000.0, 1e+16, 1e+17, 1e+18, 1e+19, 1e+20, 1e+21, 1e+23, 1e+25, 1e+27, 1e+30, 1e+35, 1e+40, 1e+45, 1e+50]","[957, 908, 824, 775, 687, 664, 619, 594, 552, 522, 488, 455, 435, 407, 390, 369, 344, 328, 312, 282, 252, 224, 185, 134, 94, 61, 41]",97460,1,True,False
00181_cavity_temperature_sweep_parity_with_without_reset.h5,M1-S4,"[[9.88540058e-01 1.14599419e-02 0.00000000e+00 0.00000000e+00]
 [2.07752202e-02 9.79224780e-01 0.00000000e+00 0.00000000e+00]
 [1.64166549e-02 1.90314909e-04 1.12696270e-02 9.72123403e-01]
 [3.45013454e-04 1.62619563e-02 9.62962823e-01 2.04302067e-02]]","[[0.49901515 0.00098485]
 [0.00832562 0.49167438]
 [0.49901515 0.00098485]
 [0.00832562 0.49167438]]","[100.0, 1000.0, 10000.0, 100000.0, 10000000.0, 100000000.0, 1000000000.0, 10000000000.0, 100000000000.0, 1000000000000.0, 10000000000000.0, 100000000000000.0, 1000000000000000.0, 1e+16, 1e+17, 1e+18, 1e+19, 1e+20, 1e+21, 1e+23, 1e+25, 1e+27, 1e+30, 1e+35, 1e+40, 1e+45, 1e+50]","[1003, 963, 871, 821, 699, 671, 612, 583, 534, 507, 473, 445, 427, 393, 380, 355, 338, 320, 296, 261, 230, 202, 167, 118, 90, 63, 43]",97516,1,True,False
00182_cavity_temperature_sweep_parity_with_without_reset.h5,M1-S5,"[[9.88540058e-01 1.14599419e-02 0.00000000e+00 0.00000000e+00]
 [2.07752202e-02 9.79224780e-01 0.00000000e+00 0.00000000e+00]
 [1.64166549e-02 1.90314909e-04 1.12696270e-02 9.72123403e-01]
 [3.45013454e-04 1.62619563e-02 9.62962823e-01 2.04302067e-02]]","[[0.49901515 0.00098485]
 [0.00832562 0.49167438]
 [0.49901515 0.00098485]
 [0.00832562 0.49167438]]","[100.0, 1000.0, 10000.0, 100000.0, 10000000.0, 100000000.0, 1000000000.0, 10000000000.0, 100000000000.0, 1000000000000.0, 10000000000000.0, 100000000000000.0, 1000000000000000.0, 1e+16, 1e+17, 1e+18, 1e+19, 1e+20, 1e+21, 1e+23, 1e+25, 1e+27, 1e+30, 1e+35, 1e+40, 1e+45, 1e+50]","[972, 944, 867, 825, 729, 685, 627, 603, 561, 531, 506, 473, 451, 413, 395, 372, 354, 340, 323, 286, 255, 231, 193, 131, 99, 68, 49]",97371,1,True,False
00183_cavity_temperature_sweep_parity_with_without_reset.h5,M1-S6,"[[9.88540058e-01 1.14599419e-02 0.00000000e+00 0.00000000e+00]
 [2.07752202e-02 9.79224780e-01 0.00000000e+00 0.00000000e+00]
 [1.64166549e-02 1.90314909e-04 1.12696270e-02 9.72123403e-01]
 [3.45013454e-04 1.62619563e-02 9.62962823e-01 2.04302067e-02]]","[[0.49901515 0.00098485]
 [0.00832562 0.49167438]
 [0.49901515 0.00098485]
 [0.00832562 0.49167438]]","[100.0, 1000.0, 10000.0, 100000.0, 10000000.0, 100000000.0, 1000000000.0, 10000000000.0, 100000000000.0, 1000000000000.0, 10000000000000.0, 100000000000000.0, 1000000000000000.0, 1e+16, 1e+17, 1e+18, 1e+19, 1e+20, 1e+21, 1e+23, 1e+25, 1e+27, 1e+30, 1e+35, 1e+40, 1e+45, 1e+50]","[2295, 2253, 2047, 1952, 1690, 1636, 1525, 1489, 1376, 1322, 1243, 1150, 1118, 1025, 1001, 927, 879, 832, 767, 693, 629, 572, 479, 369, 272, 206, 155]",97261,1,True,False
00184_cavity_temperature_sweep_parity_with_without_reset.h5,M1-S7,"[[9.88540058e-01 1.14599419e-02 0.00000000e+00 0.00000000e+00]
 [2.07752202e-02 9.79224780e-01 0.00000000e+00 0.00000000e+00]
 [1.64166549e-02 1.90314909e-04 1.12696270e-02 9.72123403e-01]
 [3.45013454e-04 1.62619563e-02 9.62962823e-01 2.04302067e-02]]","[[0.49901515 0.00098485]
 [0.00832562 0.49167438]
 [0.49901515 0.00098485]
 [0.00832562 0.49167438]]","[100.0, 1000.0, 10000.0, 100000.0, 10000000.0, 100000000.0, 1000000000.0, 10000000000.0, 100000000000.0, 1000000000000.0, 10000000000000.0, 100000000000000.0, 1000000000000000.0, 1e+16, 1e+17, 1e+18, 1e+19, 1e+20, 1e+21, 1e+23, 1e+25, 1e+27, 1e+30, 1e+35, 1e+40, 1e+45, 1e+50]","[972, 936, 861, 812, 705, 662, 626, 601, 566, 538, 502, 464, 450, 420, 410, 386, 358, 350, 328, 289, 262, 234, 196, 144, 116, 84, 54]",97448,1,True,False
00185_cavity_temperature_sweep_parity_with_without_reset.h5,M1-D1,"[[9.88540058e-01 1.14599419e-02 0.00000000e+00 0.00000000e+00]
 [2.07752202e-02 9.79224780e-01 0.00000000e+00 0.00000000e+00]
 [1.64166549e-02 1.90314909e-04 1.12696270e-02 9.72123403e-01]
 [3.45013454e-04 1.62619563e-02 9.62962823e-01 2.04302067e-02]]","[[0.49901515 0.00098485]
 [0.00832562 0.49167438]
 [0.49901515 0.00098485]
 [0.00832562 0.49167438]]","[100.0, 1000.0, 10000.0, 100000.0, 10000000.0, 100000000.0, 1000000000.0, 10000000000.0, 100000000000.0, 1000000000000.0, 10000000000000.0, 100000000000000.0, 1000000000000000.0, 1e+16, 1e+17, 1e+18, 1e+19, 1e+20, 1e+21, 1e+23, 1e+25, 1e+27, 1e+30, 1e+35, 1e+40, 1e+45, 1e+50]","[601, 579, 528, 503, 416, 393, 360, 345, 316, 299, 270, 250, 233, 210, 196, 175, 163, 154, 142, 130, 117, 102, 80, 55, 39, 31, 25]",97632,1,True,False
00186_cavity_temperature_sweep_parity_with_without_reset.h5,M1-C,"[[9.88540058e-01 1.14599419e-02 0.00000000e+00 0.00000000e+00]
 [2.07752202e-02 9.79224780e-01 0.00000000e+00 0.00000000e+00]
 [1.64166549e-02 1.90314909e-04 1.12696270e-02 9.72123403e-01]
 [3.45013454e-04 1.62619563e-02 9.62962823e-01 2.04302067e-02]]","[[0.49901515 0.00098485]
 [0.00832562 0.49167438]
 [0.49901515 0.00098485]
 [0.00832562 0.49167438]]","[100.0, 1000.0, 10000.0, 100000.0, 10000000.0, 100000000.0, 1000000000.0, 10000000000.0, 100000000000.0, 1000000000000.0, 10000000000000.0, 100000000000000.0, 1000000000000000.0, 1e+16, 1e+17, 1e+18, 1e+19, 1e+20, 1e+21, 1e+23, 1e+25, 1e+27, 1e+30, 1e+35, 1e+40, 1e+45, 1e+50]","[3028, 2999, 2746, 2651, 2297, 2270, 2081, 2050, 1898, 1832, 1733, 1602, 1566, 1444, 1411, 1306, 1251, 1181, 1097, 998, 903, 841, 716, 548, 433, 340, 276]",97258,1,True,False
00187_cavity_temperature_sweep_parity_with_without_reset.h5,M2,"[[9.88540058e-01 1.14599419e-02 0.00000000e+00 0.00000000e+00]
 [2.07752202e-02 9.79224780e-01 0.00000000e+00 0.00000000e+00]
 [1.64166549e-02 1.90314909e-04 1.12696270e-02 9.72123403e-01]
 [3.45013454e-04 1.62619563e-02 9.62962823e-01 2.04302067e-02]]","[[0.49901515 0.00098485]
 [0.00832562 0.49167438]
 [0.49901515 0.00098485]
 [0.00832562 0.49167438]]","[100.0, 1000.0, 10000.0, 100000.0, 10000000.0, 100000000.0, 1000000000.0, 10000000000.0, 100000000000.0, 1000000000000.0, 10000000000000.0, 100000000000000.0, 1000000000000000.0, 1e+16, 1e+17, 1e+18, 1e+19, 1e+20, 1e+21, 1e+23, 1e+25, 1e+27, 1e+30, 1e+35, 1e+40, 1e+45, 1e+50]","[766, 732, 662, 628, 532, 509, 473, 451, 420, 393, 362, 335, 316, 289, 279, 254, 241, 231, 209, 185, 158, 141, 119, 91, 63, 37, 26]",97609,1,True,False
00188_cavity_temperature_sweep_parity_with_without_reset.h5,M2-D2,"[[9.88540058e-01 1.14599419e-02 0.00000000e+00 0.00000000e+00]
 [2.07752202e-02 9.79224780e-01 0.00000000e+00 0.00000000e+00]
 [1.64166549e-02 1.90314909e-04 1.12696270e-02 9.72123403e-01]
 [3.45013454e-04 1.62619563e-02 9.62962823e-01 2.04302067e-02]]","[[0.49901515 0.00098485]
 [0.00832562 0.49167438]
 [0.49901515 0.00098485]
 [0.00832562 0.49167438]]","[100.0, 1000.0, 10000.0, 100000.0, 10000000.0, 100000000.0, 1000000000.0, 10000000000.0, 100000000000.0, 1000000000000.0, 10000000000000.0, 100000000000000.0, 1000000000000000.0, 1e+16, 1e+17, 1e+18, 1e+19, 1e+20, 1e+21, 1e+23, 1e+25, 1e+27, 1e+30, 1e+35, 1e+40, 1e+45, 1e+50]","[708, 684, 617, 585, 498, 479, 446, 431, 401, 384, 360, 335, 322, 305, 283, 267, 249, 228, 210, 179, 151, 136, 110, 82, 58, 42, 31]",97644,1,True,False
00189_cavity_temperature_sweep_parity_with_without_reset.h5,M2,"[[9.88540058e-01 1.14599419e-02 0.00000000e+00 0.00000000e+00]
 [2.07752202e-02 9.79224780e-01 0.00000000e+00 0.00000000e+00]
 [1.64166549e-02 1.90314909e-04 1.12696270e-02 9.72123403e-01]
 [3.45013454e-04 1.62619563e-02 9.62962823e-01 2.04302067e-02]]","[[0.495575 0.004425]
 [0.0119   0.4881  ]
 [0.495575 0.004425]
 [0.0119   0.4881  ]]","[100.0, 1000.0, 10000.0, 100000.0, 10000000.0, 100000000.0, 1000000000.0, 10000000000.0, 100000000000.0, 1000000000000.0, 10000000000000.0, 100000000000000.0, 1000000000000000.0, 1e+16, 1e+17, 1e+18, 1e+19, 1e+20, 1e+21, 1e+23, 1e+25, 1e+27, 1e+30, 1e+35, 1e+40, 1e+45, 1e+50]","[70089, 62390, 61848, 54660, 48224, 42854, 42412, 37787, 33892, 33198, 29635, 27711, 26046, 23309, 22813, 20420, 18302, 17799, 16022, 14032, 12229, 9928, 7944, 5320, 3653, 2538, 1759]",89915,1,False,True
00190_cavity_temperature_sweep_parity_with_without_reset.h5,M2,"[[9.88540058e-01 1.14599419e-02 0.00000000e+00 0.00000000e+00]
 [2.07752202e-02 9.79224780e-01 0.00000000e+00 0.00000000e+00]
 [1.64166549e-02 1.90314909e-04 1.12696270e-02 9.72123403e-01]
 [3.45013454e-04 1.62619563e-02 9.62962823e-01 2.04302067e-02]]","[[0.495575 0.004425]
 [0.0119   0.4881  ]
 [0.495575 0.004425]
 [0.0119   0.4881  ]]","[100.0, 1000.0, 10000.0, 100000.0, 10000000.0, 100000000.0, 1000000000.0, 10000000000.0, 100000000000.0, 1000000000000.0, 10000000000000.0, 100000000000000.0, 1000000000000000.0, 1e+16, 1e+17, 1e+18, 1e+19, 1e+20, 1e+21, 1e+23, 1e+25, 1e+27, 1e+30, 1e+35, 1e+40, 1e+45, 1e+50]","[575, 520, 497, 447, 391, 353, 335, 301, 279, 268, 247, 235, 214, 198, 189, 170, 160, 151, 140, 124, 109, 94, 80, 62, 48, 31, 21]",98210,1,False,False
00191_cavity_temperature_sweep_parity_with_without_reset.h5,M2,"[[9.88540058e-01 1.14599419e-02 0.00000000e+00 0.00000000e+00]
 [2.07752202e-02 9.79224780e-01 0.00000000e+00 0.00000000e+00]
 [1.64166549e-02 1.90314909e-04 1.12696270e-02 9.72123403e-01]
 [3.45013454e-04 1.62619563e-02 9.62962823e-01 2.04302067e-02]]","[[0.4982265  0.0017735 ]
 [0.00688415 0.49311585]
 [0.4982265  0.0017735 ]
 [0.00688415 0.49311585]]","[100.0, 1000.0, 10000.0, 100000.0, 10000000.0, 100000000.0, 1000000000.0, 10000000000.0, 100000000000.0, 1000000000000.0, 10000000000000.0, 100000000000000.0, 1000000000000000.0, 1e+16, 1e+17, 1e+18, 1e+19, 1e+20, 1e+21, 1e+23, 1e+25, 1e+27, 1e+30, 1e+35, 1e+40, 1e+45, 1e+50]","[65926, 62136, 57585, 54592, 47808, 44244, 39671, 38776, 34562, 33959, 30161, 29592, 26359, 25855, 23059, 21799, 20188, 18240, 17662, 15479, 13439, 11762, 9337, 6501, 4637, 3192, 2185]",88689,1,True,True
00192_cavity_temperature_sweep_parity_with_without_reset.h5,M2,"[[9.88540058e-01 1.14599419e-02 0.00000000e+00 0.00000000e+00]
 [2.07752202e-02 9.79224780e-01 0.00000000e+00 0.00000000e+00]
 [1.64166549e-02 1.90314909e-04 1.12696270e-02 9.72123403e-01]
 [3.45013454e-04 1.62619563e-02 9.62962823e-01 2.04302067e-02]]","[[0.4982265  0.0017735 ]
 [0.00688415 0.49311585]
 [0.4982265  0.0017735 ]
 [0.00688415 0.49311585]]","[100.0, 1000.0, 10000.0, 100000.0, 10000000.0, 100000000.0, 1000000000.0, 10000000000.0, 100000000000.0, 1000000000000.0, 10000000000000.0, 100000000000000.0, 1000000000000000.0, 1e+16, 1e+17, 1e+18, 1e+19, 1e+20, 1e+21, 1e+23, 1e+25, 1e+27, 1e+30, 1e+35, 1e+40, 1e+45, 1e+50]","[755, 716, 675, 647, 580, 534, 495, 470, 437, 415, 389, 374, 347, 329, 311, 296, 284, 263, 245, 225, 198, 182, 152, 116, 90, 59, 44]",96982,1,True,False
