file_name,mode,T,E,threshold_list,counts_list,man_no_for_parity,reset,single_photon
00110_cavity_temperature_sweep_parity_with_without_reset.h5,M1,"[[9.88540058e-01 1.14599419e-02 0.00000000e+00 0.00000000e+00]
 [2.07752202e-02 9.79224780e-01 0.00000000e+00 0.00000000e+00]
 [1.64166549e-02 1.90314909e-04 1.12696270e-02 9.72123403e-01]
 [3.45013454e-04 1.62619563e-02 9.62962823e-01 2.04302067e-02]]","[[0.49555 0.00445]
 [0.0124  0.4876 ]
 [0.49555 0.00445]
 [0.0124  0.4876 ]]","[100.0, 1000.0, 10000.0, 100000.0, 10000000.0, 100000000.0, 1000000000.0, 10000000000.0, 100000000000.0, 1000000000000.0, 10000000000000.0, 100000000000000.0, 1000000000000000.0, 1e+16, 1e+17, 1e+18, 1e+19, 1e+20, 1e+21, 1e+23, 1e+25, 1e+27, 1e+30, 1e+35, 1e+40, 1e+45, 1e+50]","[87513, 83100, 79257, 74630, 67939, 63725, 61444, 57806, 54351, 52540, 49259, 46906, 44907, 42192, 40522, 38204, 35861, 34653, 32569, 29471, 26203, 23488, 19950, 14962, 11275, 8235, 5815]",1,False,True
00111_cavity_temperature_sweep_parity_with_without_reset.h5,M2,"[[9.88184145e-01 1.18158548e-02 0.00000000e+00 0.00000000e+00]
 [2.11311332e-02 9.78868867e-01 0.00000000e+00 0.00000000e+00]
 [2.84057730e-02 3.39651767e-04 1.14762031e-02 9.59778372e-01]
 [6.07423399e-04 2.81380014e-02 9.50730865e-01 2.05237098e-02]]","[[0.49555 0.00445]
 [0.0124  0.4876 ]
 [0.49555 0.00445]
 [0.0124  0.4876 ]]","[100.0, 1000.0, 10000.0, 100000.0, 10000000.0, 100000000.0, 1000000000.0, 10000000000.0, 100000000000.0, 1000000000000.0, 10000000000000.0, 100000000000000.0, 1000000000000000.0, 1e+16, 1e+17, 1e+18, 1e+19, 1e+20, 1e+21, 1e+23, 1e+25, 1e+27, 1e+30, 1e+35, 1e+40, 1e+45, 1e+50]","[57632, 53731, 49908, 45343, 39128, 35518, 33832, 30551, 28140, 26533, 23957, 22330, 20729, 18757, 17821, 16209, 14737, 13964, 12597, 10899, 9228, 7687, 6019, 3912, 2537, 1613, 977]",2,False,True
00112_cavity_temperature_sweep_parity_with_without_reset.h5,M1,"[[9.88540058e-01 1.14599419e-02 0.00000000e+00 0.00000000e+00]
 [2.07752202e-02 9.79224780e-01 0.00000000e+00 0.00000000e+00]
 [1.64166549e-02 1.90314909e-04 1.12696270e-02 9.72123403e-01]
 [3.45013454e-04 1.62619563e-02 9.62962823e-01 2.04302067e-02]]","[[0.49555 0.00445]
 [0.0124  0.4876 ]
 [0.49555 0.00445]
 [0.0124  0.4876 ]]","[100.0, 1000.0, 10000.0, 100000.0, 10000000.0, 100000000.0, 1000000000.0, 10000000000.0, 100000000000.0, 1000000000000.0, 10000000000000.0, 100000000000000.0, 1000000000000000.0, 1e+16, 1e+17, 1e+18, 1e+19, 1e+20, 1e+21, 1e+23, 1e+25, 1e+27, 1e+30, 1e+35, 1e+40, 1e+45, 1e+50]","[1622, 1439, 1327, 1202, 1022, 905, 844, 760, 692, 656, 586, 547, 508, 462, 427, 378, 331, 312, 280, 237, 186, 154, 125, 82, 51, 31, 12]",1,False,False
00113_cavity_temperature_sweep_parity_with_without_reset.h5,M1-S1,"[[9.88540058e-01 1.14599419e-02 0.00000000e+00 0.00000000e+00]
 [2.07752202e-02 9.79224780e-01 0.00000000e+00 0.00000000e+00]
 [1.64166549e-02 1.90314909e-04 1.12696270e-02 9.72123403e-01]
 [3.45013454e-04 1.62619563e-02 9.62962823e-01 2.04302067e-02]]","[[0.49555 0.00445]
 [0.0124  0.4876 ]
 [0.49555 0.00445]
 [0.0124  0.4876 ]]","[100.0, 1000.0, 10000.0, 100000.0, 10000000.0, 100000000.0, 1000000000.0, 10000000000.0, 100000000000.0, 1000000000000.0, 10000000000000.0, 100000000000000.0, 1000000000000000.0, 1e+16, 1e+17, 1e+18, 1e+19, 1e+20, 1e+21, 1e+23, 1e+25, 1e+27, 1e+30, 1e+35, 1e+40, 1e+45, 1e+50]","[1585, 1383, 1262, 1135, 947, 825, 771, 695, 632, 596, 536, 482, 452, 403, 371, 329, 291, 277, 241, 192, 155, 124, 89, 58, 39, 21, 10]",1,False,False
00114_cavity_temperature_sweep_parity_with_without_reset.h5,M1-S2,"[[9.88540058e-01 1.14599419e-02 0.00000000e+00 0.00000000e+00]
 [2.07752202e-02 9.79224780e-01 0.00000000e+00 0.00000000e+00]
 [1.64166549e-02 1.90314909e-04 1.12696270e-02 9.72123403e-01]
 [3.45013454e-04 1.62619563e-02 9.62962823e-01 2.04302067e-02]]","[[0.49555 0.00445]
 [0.0124  0.4876 ]
 [0.49555 0.00445]
 [0.0124  0.4876 ]]","[100.0, 1000.0, 10000.0, 100000.0, 10000000.0, 100000000.0, 1000000000.0, 10000000000.0, 100000000000.0, 1000000000000.0, 10000000000000.0, 100000000000000.0, 1000000000000000.0, 1e+16, 1e+17, 1e+18, 1e+19, 1e+20, 1e+21, 1e+23, 1e+25, 1e+27, 1e+30, 1e+35, 1e+40, 1e+45, 1e+50]","[1559, 1359, 1251, 1115, 937, 812, 766, 689, 631, 587, 524, 479, 438, 405, 379, 340, 302, 279, 254, 212, 176, 138, 103, 61, 36, 17, 7]",1,False,False
00115_cavity_temperature_sweep_parity_with_without_reset.h5,M1-S3,"[[9.88540058e-01 1.14599419e-02 0.00000000e+00 0.00000000e+00]
 [2.07752202e-02 9.79224780e-01 0.00000000e+00 0.00000000e+00]
 [1.64166549e-02 1.90314909e-04 1.12696270e-02 9.72123403e-01]
 [3.45013454e-04 1.62619563e-02 9.62962823e-01 2.04302067e-02]]","[[0.49555 0.00445]
 [0.0124  0.4876 ]
 [0.49555 0.00445]
 [0.0124  0.4876 ]]","[100.0, 1000.0, 10000.0, 100000.0, 10000000.0, 100000000.0, 1000000000.0, 10000000000.0, 100000000000.0, 1000000000000.0, 10000000000000.0, 100000000000000.0, 1000000000000000.0, 1e+16, 1e+17, 1e+18, 1e+19, 1e+20, 1e+21, 1e+23, 1e+25, 1e+27, 1e+30, 1e+35, 1e+40, 1e+45, 1e+50]","[1465, 1279, 1140, 1016, 852, 753, 704, 632, 557, 518, 456, 412, 382, 340, 306, 270, 240, 234, 204, 171, 141, 117, 81, 47, 26, 15, 7]",1,False,False
00116_cavity_temperature_sweep_parity_with_without_reset.h5,M1-S4,"[[9.88540058e-01 1.14599419e-02 0.00000000e+00 0.00000000e+00]
 [2.07752202e-02 9.79224780e-01 0.00000000e+00 0.00000000e+00]
 [1.64166549e-02 1.90314909e-04 1.12696270e-02 9.72123403e-01]
 [3.45013454e-04 1.62619563e-02 9.62962823e-01 2.04302067e-02]]","[[0.49555 0.00445]
 [0.0124  0.4876 ]
 [0.49555 0.00445]
 [0.0124  0.4876 ]]","[100.0, 1000.0, 10000.0, 100000.0, 10000000.0, 100000000.0, 1000000000.0, 10000000000.0, 100000000000.0, 1000000000000.0, 10000000000000.0, 100000000000000.0, 1000000000000000.0, 1e+16, 1e+17, 1e+18, 1e+19, 1e+20, 1e+21, 1e+23, 1e+25, 1e+27, 1e+30, 1e+35, 1e+40, 1e+45, 1e+50]","[1509, 1292, 1142, 1010, 823, 736, 680, 612, 554, 516, 468, 431, 392, 350, 326, 293, 254, 233, 200, 166, 127, 101, 72, 47, 24, 15, 6]",1,False,False
00117_cavity_temperature_sweep_parity_with_without_reset.h5,M1-S5,"[[9.88540058e-01 1.14599419e-02 0.00000000e+00 0.00000000e+00]
 [2.07752202e-02 9.79224780e-01 0.00000000e+00 0.00000000e+00]
 [1.64166549e-02 1.90314909e-04 1.12696270e-02 9.72123403e-01]
 [3.45013454e-04 1.62619563e-02 9.62962823e-01 2.04302067e-02]]","[[0.49555 0.00445]
 [0.0124  0.4876 ]
 [0.49555 0.00445]
 [0.0124  0.4876 ]]","[100.0, 1000.0, 10000.0, 100000.0, 10000000.0, 100000000.0, 1000000000.0, 10000000000.0, 100000000000.0, 1000000000000.0, 10000000000000.0, 100000000000000.0, 1000000000000000.0, 1e+16, 1e+17, 1e+18, 1e+19, 1e+20, 1e+21, 1e+23, 1e+25, 1e+27, 1e+30, 1e+35, 1e+40, 1e+45, 1e+50]","[1495, 1295, 1148, 1001, 843, 749, 711, 629, 565, 541, 480, 435, 403, 352, 328, 292, 256, 240, 222, 180, 142, 112, 79, 48, 21, 12, 6]",1,False,False
00118_cavity_temperature_sweep_parity_with_without_reset.h5,M1-S6,"[[9.88540058e-01 1.14599419e-02 0.00000000e+00 0.00000000e+00]
 [2.07752202e-02 9.79224780e-01 0.00000000e+00 0.00000000e+00]
 [1.64166549e-02 1.90314909e-04 1.12696270e-02 9.72123403e-01]
 [3.45013454e-04 1.62619563e-02 9.62962823e-01 2.04302067e-02]]","[[0.49555 0.00445]
 [0.0124  0.4876 ]
 [0.49555 0.00445]
 [0.0124  0.4876 ]]","[100.0, 1000.0, 10000.0, 100000.0, 10000000.0, 100000000.0, 1000000000.0, 10000000000.0, 100000000000.0, 1000000000000.0, 10000000000000.0, 100000000000000.0, 1000000000000000.0, 1e+16, 1e+17, 1e+18, 1e+19, 1e+20, 1e+21, 1e+23, 1e+25, 1e+27, 1e+30, 1e+35, 1e+40, 1e+45, 1e+50]","[1954, 1689, 1525, 1357, 1139, 1003, 948, 868, 796, 754, 676, 629, 587, 538, 512, 466, 425, 400, 353, 307, 267, 211, 166, 102, 70, 38, 22]",1,False,False
00119_cavity_temperature_sweep_parity_with_without_reset.h5,M1-S7,"[[9.88540058e-01 1.14599419e-02 0.00000000e+00 0.00000000e+00]
 [2.07752202e-02 9.79224780e-01 0.00000000e+00 0.00000000e+00]
 [1.64166549e-02 1.90314909e-04 1.12696270e-02 9.72123403e-01]
 [3.45013454e-04 1.62619563e-02 9.62962823e-01 2.04302067e-02]]","[[0.49555 0.00445]
 [0.0124  0.4876 ]
 [0.49555 0.00445]
 [0.0124  0.4876 ]]","[100.0, 1000.0, 10000.0, 100000.0, 10000000.0, 100000000.0, 1000000000.0, 10000000000.0, 100000000000.0, 1000000000000.0, 10000000000000.0, 100000000000000.0, 1000000000000000.0, 1e+16, 1e+17, 1e+18, 1e+19, 1e+20, 1e+21, 1e+23, 1e+25, 1e+27, 1e+30, 1e+35, 1e+40, 1e+45, 1e+50]","[1470, 1268, 1128, 986, 830, 736, 686, 627, 561, 525, 437, 393, 367, 331, 305, 260, 236, 219, 193, 158, 130, 102, 76, 42, 21, 11, 2]",1,False,False
00120_cavity_temperature_sweep_parity_with_without_reset.h5,M1-D1,"[[9.88540058e-01 1.14599419e-02 0.00000000e+00 0.00000000e+00]
 [2.07752202e-02 9.79224780e-01 0.00000000e+00 0.00000000e+00]
 [1.64166549e-02 1.90314909e-04 1.12696270e-02 9.72123403e-01]
 [3.45013454e-04 1.62619563e-02 9.62962823e-01 2.04302067e-02]]","[[0.49555 0.00445]
 [0.0124  0.4876 ]
 [0.49555 0.00445]
 [0.0124  0.4876 ]]","[100.0, 1000.0, 10000.0, 100000.0, 10000000.0, 100000000.0, 1000000000.0, 10000000000.0, 100000000000.0, 1000000000000.0, 10000000000000.0, 100000000000000.0, 1000000000000000.0, 1e+16, 1e+17, 1e+18, 1e+19, 1e+20, 1e+21, 1e+23, 1e+25, 1e+27, 1e+30, 1e+35, 1e+40, 1e+45, 1e+50]","[1504, 1307, 1190, 1069, 915, 805, 751, 677, 610, 574, 503, 444, 416, 368, 339, 311, 276, 264, 239, 201, 156, 121, 91, 51, 34, 15, 5]",1,False,False
00121_cavity_temperature_sweep_parity_with_without_reset.h5,M1-C,"[[9.88540058e-01 1.14599419e-02 0.00000000e+00 0.00000000e+00]
 [2.07752202e-02 9.79224780e-01 0.00000000e+00 0.00000000e+00]
 [1.64166549e-02 1.90314909e-04 1.12696270e-02 9.72123403e-01]
 [3.45013454e-04 1.62619563e-02 9.62962823e-01 2.04302067e-02]]","[[0.49555 0.00445]
 [0.0124  0.4876 ]
 [0.49555 0.00445]
 [0.0124  0.4876 ]]","[100.0, 1000.0, 10000.0, 100000.0, 10000000.0, 100000000.0, 1000000000.0, 10000000000.0, 100000000000.0, 1000000000000.0, 10000000000000.0, 100000000000000.0, 1000000000000000.0, 1e+16, 1e+17, 1e+18, 1e+19, 1e+20, 1e+21, 1e+23, 1e+25, 1e+27, 1e+30, 1e+35, 1e+40, 1e+45, 1e+50]","[1704, 1486, 1351, 1216, 1017, 910, 861, 781, 695, 669, 603, 550, 499, 436, 409, 376, 339, 327, 285, 234, 195, 151, 119, 75, 47, 22, 10]",1,False,False
00122_cavity_temperature_sweep_parity_with_without_reset.h5,M2,"[[9.88184145e-01 1.18158548e-02 0.00000000e+00 0.00000000e+00]
 [2.11311332e-02 9.78868867e-01 0.00000000e+00 0.00000000e+00]
 [2.84057730e-02 3.39651767e-04 1.14762031e-02 9.59778372e-01]
 [6.07423399e-04 2.81380014e-02 9.50730865e-01 2.05237098e-02]]","[[0.49555 0.00445]
 [0.0124  0.4876 ]
 [0.49555 0.00445]
 [0.0124  0.4876 ]]","[100.0, 1000.0, 10000.0, 100000.0, 10000000.0, 100000000.0, 1000000000.0, 10000000000.0, 100000000000.0, 1000000000000.0, 10000000000000.0, 100000000000000.0, 1000000000000000.0, 1e+16, 1e+17, 1e+18, 1e+19, 1e+20, 1e+21, 1e+23, 1e+25, 1e+27, 1e+30, 1e+35, 1e+40, 1e+45, 1e+50]","[1661, 1484, 1328, 1181, 1008, 894, 842, 731, 679, 639, 565, 520, 487, 443, 420, 370, 333, 315, 284, 235, 188, 148, 102, 62, 31, 13, 6]",2,False,False
00123_cavity_temperature_sweep_parity_with_without_reset.h5,M2-D2,"[[9.88184145e-01 1.18158548e-02 0.00000000e+00 0.00000000e+00]
 [2.11311332e-02 9.78868867e-01 0.00000000e+00 0.00000000e+00]
 [2.84057730e-02 3.39651767e-04 1.14762031e-02 9.59778372e-01]
 [6.07423399e-04 2.81380014e-02 9.50730865e-01 2.05237098e-02]]","[[0.49555 0.00445]
 [0.0124  0.4876 ]
 [0.49555 0.00445]
 [0.0124  0.4876 ]]","[100.0, 1000.0, 10000.0, 100000.0, 10000000.0, 100000000.0, 1000000000.0, 10000000000.0, 100000000000.0, 1000000000000.0, 10000000000000.0, 100000000000000.0, 1000000000000000.0, 1e+16, 1e+17, 1e+18, 1e+19, 1e+20, 1e+21, 1e+23, 1e+25, 1e+27, 1e+30, 1e+35, 1e+40, 1e+45, 1e+50]","[1619, 1441, 1280, 1137, 965, 870, 819, 736, 666, 629, 550, 498, 465, 418, 386, 347, 316, 302, 283, 241, 189, 150, 110, 59, 36, 18, 7]",2,False,False
00124_cavity_temperature_sweep_parity_with_without_reset.h5,M1,"[[9.88540058e-01 1.14599419e-02 0.00000000e+00 0.00000000e+00]
 [2.07752202e-02 9.79224780e-01 0.00000000e+00 0.00000000e+00]
 [1.64166549e-02 1.90314909e-04 1.12696270e-02 9.72123403e-01]
 [3.45013454e-04 1.62619563e-02 9.62962823e-01 2.04302067e-02]]","[[0.4983786  0.0016214 ]
 [0.00831722 0.49168278]
 [0.4983786  0.0016214 ]
 [0.00831722 0.49168278]]","[100.0, 1000.0, 10000.0, 100000.0, 10000000.0, 100000000.0, 1000000000.0, 10000000000.0, 100000000000.0, 1000000000000.0, 10000000000000.0, 100000000000000.0, 1000000000000000.0, 1e+16, 1e+17, 1e+18, 1e+19, 1e+20, 1e+21, 1e+23, 1e+25, 1e+27, 1e+30, 1e+35, 1e+40, 1e+45, 1e+50]","[87632, 84938, 80202, 77703, 70361, 67160, 63455, 61289, 57820, 55906, 52834, 50539, 48272, 45536, 44079, 41540, 39979, 37877, 36032, 32694, 29829, 27114, 23286, 18144, 14073, 10669, 7817]",1,True,True
00125_cavity_temperature_sweep_parity_with_without_reset.h5,M2,"[[9.88184145e-01 1.18158548e-02 0.00000000e+00 0.00000000e+00]
 [2.11311332e-02 9.78868867e-01 0.00000000e+00 0.00000000e+00]
 [2.84057730e-02 3.39651767e-04 1.14762031e-02 9.59778372e-01]
 [6.07423399e-04 2.81380014e-02 9.50730865e-01 2.05237098e-02]]","[[0.4983786  0.0016214 ]
 [0.00831722 0.49168278]
 [0.4983786  0.0016214 ]
 [0.00831722 0.49168278]]","[100.0, 1000.0, 10000.0, 100000.0, 10000000.0, 100000000.0, 1000000000.0, 10000000000.0, 100000000000.0, 1000000000000.0, 10000000000000.0, 100000000000000.0, 1000000000000000.0, 1e+16, 1e+17, 1e+18, 1e+19, 1e+20, 1e+21, 1e+23, 1e+25, 1e+27, 1e+30, 1e+35, 1e+40, 1e+45, 1e+50]","[55866, 52705, 47845, 45567, 39338, 35722, 32825, 30998, 28323, 27026, 24299, 23163, 21145, 19362, 18250, 16650, 15788, 14262, 13518, 11378, 9721, 8310, 6535, 4467, 2994, 1918, 1174]",2,True,True
00126_cavity_temperature_sweep_parity_with_without_reset.h5,M1,"[[9.88540058e-01 1.14599419e-02 0.00000000e+00 0.00000000e+00]
 [2.07752202e-02 9.79224780e-01 0.00000000e+00 0.00000000e+00]
 [1.64166549e-02 1.90314909e-04 1.12696270e-02 9.72123403e-01]
 [3.45013454e-04 1.62619563e-02 9.62962823e-01 2.04302067e-02]]","[[0.4983786  0.0016214 ]
 [0.00831722 0.49168278]
 [0.4983786  0.0016214 ]
 [0.00831722 0.49168278]]","[100.0, 1000.0, 10000.0, 100000.0, 10000000.0, 100000000.0, 1000000000.0, 10000000000.0, 100000000000.0, 1000000000000.0, 10000000000000.0, 100000000000000.0, 1000000000000000.0, 1e+16, 1e+17, 1e+18, 1e+19, 1e+20, 1e+21, 1e+23, 1e+25, 1e+27, 1e+30, 1e+35, 1e+40, 1e+45, 1e+50]","[2485, 2289, 2017, 1902, 1588, 1472, 1333, 1271, 1166, 1104, 992, 919, 865, 792, 746, 669, 631, 573, 525, 447, 375, 313, 246, 154, 95, 53, 26]",1,True,False
00127_cavity_temperature_sweep_parity_with_without_reset.h5,M1-S1,"[[9.88540058e-01 1.14599419e-02 0.00000000e+00 0.00000000e+00]
 [2.07752202e-02 9.79224780e-01 0.00000000e+00 0.00000000e+00]
 [1.64166549e-02 1.90314909e-04 1.12696270e-02 9.72123403e-01]
 [3.45013454e-04 1.62619563e-02 9.62962823e-01 2.04302067e-02]]","[[0.4983786  0.0016214 ]
 [0.00831722 0.49168278]
 [0.4983786  0.0016214 ]
 [0.00831722 0.49168278]]","[100.0, 1000.0, 10000.0, 100000.0, 10000000.0, 100000000.0, 1000000000.0, 10000000000.0, 100000000000.0, 1000000000000.0, 10000000000000.0, 100000000000000.0, 1000000000000000.0, 1e+16, 1e+17, 1e+18, 1e+19, 1e+20, 1e+21, 1e+23, 1e+25, 1e+27, 1e+30, 1e+35, 1e+40, 1e+45, 1e+50]","[3007, 2718, 2353, 2198, 1797, 1651, 1502, 1416, 1271, 1212, 1109, 1022, 947, 850, 798, 723, 685, 614, 569, 469, 392, 337, 255, 157, 98, 57, 32]",1,True,False
00128_cavity_temperature_sweep_parity_with_without_reset.h5,M1-S2,"[[9.88540058e-01 1.14599419e-02 0.00000000e+00 0.00000000e+00]
 [2.07752202e-02 9.79224780e-01 0.00000000e+00 0.00000000e+00]
 [1.64166549e-02 1.90314909e-04 1.12696270e-02 9.72123403e-01]
 [3.45013454e-04 1.62619563e-02 9.62962823e-01 2.04302067e-02]]","[[0.4983786  0.0016214 ]
 [0.00831722 0.49168278]
 [0.4983786  0.0016214 ]
 [0.00831722 0.49168278]]","[100.0, 1000.0, 10000.0, 100000.0, 10000000.0, 100000000.0, 1000000000.0, 10000000000.0, 100000000000.0, 1000000000000.0, 10000000000000.0, 100000000000000.0, 1000000000000000.0, 1e+16, 1e+17, 1e+18, 1e+19, 1e+20, 1e+21, 1e+23, 1e+25, 1e+27, 1e+30, 1e+35, 1e+40, 1e+45, 1e+50]","[3144, 2881, 2558, 2412, 2024, 1890, 1719, 1629, 1454, 1372, 1231, 1133, 1060, 956, 907, 816, 770, 709, 660, 560, 464, 387, 293, 195, 131, 73, 38]",1,True,False
00129_cavity_temperature_sweep_parity_with_without_reset.h5,M1-S3,"[[9.88540058e-01 1.14599419e-02 0.00000000e+00 0.00000000e+00]
 [2.07752202e-02 9.79224780e-01 0.00000000e+00 0.00000000e+00]
 [1.64166549e-02 1.90314909e-04 1.12696270e-02 9.72123403e-01]
 [3.45013454e-04 1.62619563e-02 9.62962823e-01 2.04302067e-02]]","[[0.4983786  0.0016214 ]
 [0.00831722 0.49168278]
 [0.4983786  0.0016214 ]
 [0.00831722 0.49168278]]","[100.0, 1000.0, 10000.0, 100000.0, 10000000.0, 100000000.0, 1000000000.0, 10000000000.0, 100000000000.0, 1000000000000.0, 10000000000000.0, 100000000000000.0, 1000000000000000.0, 1e+16, 1e+17, 1e+18, 1e+19, 1e+20, 1e+21, 1e+23, 1e+25, 1e+27, 1e+30, 1e+35, 1e+40, 1e+45, 1e+50]","[3060, 2772, 2431, 2291, 1863, 1737, 1565, 1502, 1342, 1286, 1167, 1072, 1010, 910, 858, 764, 718, 655, 596, 495, 445, 372, 285, 188, 106, 57, 27]",1,True,False
00130_cavity_temperature_sweep_parity_with_without_reset.h5,M1-S4,"[[9.88540058e-01 1.14599419e-02 0.00000000e+00 0.00000000e+00]
 [2.07752202e-02 9.79224780e-01 0.00000000e+00 0.00000000e+00]
 [1.64166549e-02 1.90314909e-04 1.12696270e-02 9.72123403e-01]
 [3.45013454e-04 1.62619563e-02 9.62962823e-01 2.04302067e-02]]","[[0.4983786  0.0016214 ]
 [0.00831722 0.49168278]
 [0.4983786  0.0016214 ]
 [0.00831722 0.49168278]]","[100.0, 1000.0, 10000.0, 100000.0, 10000000.0, 100000000.0, 1000000000.0, 10000000000.0, 100000000000.0, 1000000000000.0, 10000000000000.0, 100000000000000.0, 1000000000000000.0, 1e+16, 1e+17, 1e+18, 1e+19, 1e+20, 1e+21, 1e+23, 1e+25, 1e+27, 1e+30, 1e+35, 1e+40, 1e+45, 1e+50]","[3100, 2778, 2374, 2194, 1781, 1643, 1498, 1422, 1258, 1182, 1079, 994, 937, 834, 779, 701, 658, 602, 544, 468, 388, 329, 243, 147, 89, 58, 35]",1,True,False
00131_cavity_temperature_sweep_parity_with_without_reset.h5,M1-S5,"[[9.88540058e-01 1.14599419e-02 0.00000000e+00 0.00000000e+00]
 [2.07752202e-02 9.79224780e-01 0.00000000e+00 0.00000000e+00]
 [1.64166549e-02 1.90314909e-04 1.12696270e-02 9.72123403e-01]
 [3.45013454e-04 1.62619563e-02 9.62962823e-01 2.04302067e-02]]","[[0.4983786  0.0016214 ]
 [0.00831722 0.49168278]
 [0.4983786  0.0016214 ]
 [0.00831722 0.49168278]]","[100.0, 1000.0, 10000.0, 100000.0, 10000000.0, 100000000.0, 1000000000.0, 10000000000.0, 100000000000.0, 1000000000000.0, 10000000000000.0, 100000000000000.0, 1000000000000000.0, 1e+16, 1e+17, 1e+18, 1e+19, 1e+20, 1e+21, 1e+23, 1e+25, 1e+27, 1e+30, 1e+35, 1e+40, 1e+45, 1e+50]","[3006, 2674, 2267, 2088, 1702, 1582, 1426, 1346, 1194, 1126, 1015, 944, 881, 805, 748, 671, 623, 566, 516, 417, 366, 316, 240, 155, 93, 51, 30]",1,True,False
00132_cavity_temperature_sweep_parity_with_without_reset.h5,M1-S6,"[[9.88540058e-01 1.14599419e-02 0.00000000e+00 0.00000000e+00]
 [2.07752202e-02 9.79224780e-01 0.00000000e+00 0.00000000e+00]
 [1.64166549e-02 1.90314909e-04 1.12696270e-02 9.72123403e-01]
 [3.45013454e-04 1.62619563e-02 9.62962823e-01 2.04302067e-02]]","[[0.4983786  0.0016214 ]
 [0.00831722 0.49168278]
 [0.4983786  0.0016214 ]
 [0.00831722 0.49168278]]","[100.0, 1000.0, 10000.0, 100000.0, 10000000.0, 100000000.0, 1000000000.0, 10000000000.0, 100000000000.0, 1000000000000.0, 10000000000000.0, 100000000000000.0, 1000000000000000.0, 1e+16, 1e+17, 1e+18, 1e+19, 1e+20, 1e+21, 1e+23, 1e+25, 1e+27, 1e+30, 1e+35, 1e+40, 1e+45, 1e+50]","[4616, 4235, 3726, 3507, 2943, 2741, 2512, 2398, 2184, 2075, 1870, 1739, 1620, 1490, 1423, 1303, 1235, 1119, 1038, 900, 783, 659, 519, 349, 231, 139, 88]",1,True,False
00133_cavity_temperature_sweep_parity_with_without_reset.h5,M1-S7,"[[9.88540058e-01 1.14599419e-02 0.00000000e+00 0.00000000e+00]
 [2.07752202e-02 9.79224780e-01 0.00000000e+00 0.00000000e+00]
 [1.64166549e-02 1.90314909e-04 1.12696270e-02 9.72123403e-01]
 [3.45013454e-04 1.62619563e-02 9.62962823e-01 2.04302067e-02]]","[[0.4983786  0.0016214 ]
 [0.00831722 0.49168278]
 [0.4983786  0.0016214 ]
 [0.00831722 0.49168278]]","[100.0, 1000.0, 10000.0, 100000.0, 10000000.0, 100000000.0, 1000000000.0, 10000000000.0, 100000000000.0, 1000000000000.0, 10000000000000.0, 100000000000000.0, 1000000000000000.0, 1e+16, 1e+17, 1e+18, 1e+19, 1e+20, 1e+21, 1e+23, 1e+25, 1e+27, 1e+30, 1e+35, 1e+40, 1e+45, 1e+50]","[3083, 2799, 2491, 2357, 1922, 1777, 1585, 1503, 1351, 1289, 1152, 1046, 965, 886, 840, 766, 719, 651, 594, 502, 429, 365, 276, 161, 106, 60, 31]",1,True,False
00134_cavity_temperature_sweep_parity_with_without_reset.h5,M1-D1,"[[9.88540058e-01 1.14599419e-02 0.00000000e+00 0.00000000e+00]
 [2.07752202e-02 9.79224780e-01 0.00000000e+00 0.00000000e+00]
 [1.64166549e-02 1.90314909e-04 1.12696270e-02 9.72123403e-01]
 [3.45013454e-04 1.62619563e-02 9.62962823e-01 2.04302067e-02]]","[[0.4983786  0.0016214 ]
 [0.00831722 0.49168278]
 [0.4983786  0.0016214 ]
 [0.00831722 0.49168278]]","[100.0, 1000.0, 10000.0, 100000.0, 10000000.0, 100000000.0, 1000000000.0, 10000000000.0, 100000000000.0, 1000000000000.0, 10000000000000.0, 100000000000000.0, 1000000000000000.0, 1e+16, 1e+17, 1e+18, 1e+19, 1e+20, 1e+21, 1e+23, 1e+25, 1e+27, 1e+30, 1e+35, 1e+40, 1e+45, 1e+50]","[2172, 1945, 1682, 1588, 1267, 1178, 1050, 988, 871, 809, 720, 656, 599, 535, 497, 457, 433, 383, 346, 285, 226, 192, 145, 85, 50, 28, 17]",1,True,False
00135_cavity_temperature_sweep_parity_with_without_reset.h5,M1-C,"[[9.88540058e-01 1.14599419e-02 0.00000000e+00 0.00000000e+00]
 [2.07752202e-02 9.79224780e-01 0.00000000e+00 0.00000000e+00]
 [1.64166549e-02 1.90314909e-04 1.12696270e-02 9.72123403e-01]
 [3.45013454e-04 1.62619563e-02 9.62962823e-01 2.04302067e-02]]","[[0.4983786  0.0016214 ]
 [0.00831722 0.49168278]
 [0.4983786  0.0016214 ]
 [0.00831722 0.49168278]]","[100.0, 1000.0, 10000.0, 100000.0, 10000000.0, 100000000.0, 1000000000.0, 10000000000.0, 100000000000.0, 1000000000000.0, 10000000000000.0, 100000000000000.0, 1000000000000000.0, 1e+16, 1e+17, 1e+18, 1e+19, 1e+20, 1e+21, 1e+23, 1e+25, 1e+27, 1e+30, 1e+35, 1e+40, 1e+45, 1e+50]","[4609, 4275, 3860, 3660, 3126, 2928, 2701, 2566, 2376, 2293, 2081, 1953, 1833, 1680, 1609, 1500, 1425, 1302, 1233, 1055, 910, 776, 641, 452, 303, 201, 118]",1,True,False
00136_cavity_temperature_sweep_parity_with_without_reset.h5,M2,"[[9.88184145e-01 1.18158548e-02 0.00000000e+00 0.00000000e+00]
 [2.11311332e-02 9.78868867e-01 0.00000000e+00 0.00000000e+00]
 [2.84057730e-02 3.39651767e-04 1.14762031e-02 9.59778372e-01]
 [6.07423399e-04 2.81380014e-02 9.50730865e-01 2.05237098e-02]]","[[0.4983786  0.0016214 ]
 [0.00831722 0.49168278]
 [0.4983786  0.0016214 ]
 [0.00831722 0.49168278]]","[100.0, 1000.0, 10000.0, 100000.0, 10000000.0, 100000000.0, 1000000000.0, 10000000000.0, 100000000000.0, 1000000000000.0, 10000000000000.0, 100000000000000.0, 1000000000000000.0, 1e+16, 1e+17, 1e+18, 1e+19, 1e+20, 1e+21, 1e+23, 1e+25, 1e+27, 1e+30, 1e+35, 1e+40, 1e+45, 1e+50]","[2472, 2227, 1941, 1816, 1509, 1383, 1256, 1186, 1067, 1010, 899, 841, 772, 702, 669, 615, 577, 523, 485, 395, 331, 276, 212, 136, 83, 49, 25]",2,True,False
00137_cavity_temperature_sweep_parity_with_without_reset.h5,M2-D2,"[[9.88184145e-01 1.18158548e-02 0.00000000e+00 0.00000000e+00]
 [2.11311332e-02 9.78868867e-01 0.00000000e+00 0.00000000e+00]
 [2.84057730e-02 3.39651767e-04 1.14762031e-02 9.59778372e-01]
 [6.07423399e-04 2.81380014e-02 9.50730865e-01 2.05237098e-02]]","[[0.4983786  0.0016214 ]
 [0.00831722 0.49168278]
 [0.4983786  0.0016214 ]
 [0.00831722 0.49168278]]","[100.0, 1000.0, 10000.0, 100000.0, 10000000.0, 100000000.0, 1000000000.0, 10000000000.0, 100000000000.0, 1000000000000.0, 10000000000000.0, 100000000000000.0, 1000000000000000.0, 1e+16, 1e+17, 1e+18, 1e+19, 1e+20, 1e+21, 1e+23, 1e+25, 1e+27, 1e+30, 1e+35, 1e+40, 1e+45, 1e+50]","[2427, 2202, 1930, 1830, 1560, 1454, 1333, 1269, 1123, 1067, 958, 896, 813, 744, 702, 631, 591, 538, 500, 424, 340, 277, 206, 135, 85, 46, 27]",2,True,False
